1.000000000 0.500000000 0.000000000 0.000000000 0.000000000 0.000000000 0.247403959 0.968912422
2.000000000 0.938791281 0.239712769 0.000000000 0.000000000 0.000000000 0.479425539 0.877582562
3.000000000 1.208942434 0.660448262 0.000000000 0.000000000 0.000000000 0.681638760 0.731688869
4.000000000 1.244311035 1.159195755 0.000000000 0.000000000 0.000000000 0.841470985 0.540302306
5.000000000 1.036237616 1.613844468 0.000000000 0.000000000 0.000000000 0.948984619 0.315322362
6.000000000 0.635665809 1.913080540 0.000000000 0.000000000 0.000000000 0.997494987 0.070737202
7.000000000 0.140669560 1.983640545 0.000000000 0.000000000 0.000000000 0.983985947 -0.178246056
8.000000000 -0.327558783 1.808248931 0.000000000 0.000000000 0.000000000 0.909297427 -0.416146837
9.000000000 -0.654380594 1.429847683 0.000000000 0.000000000 0.000000000 -0.778073197 0.628173623
10.000000000 -0.759778493 0.941082624 0.000000000 0.000000000 0.000000000 -0.598472144 0.801143616
11.000000000 -0.617947401 0.461620487 0.000000000 0.000000000 0.000000000 -0.381660992 0.924302379
12.000000000 -0.263612514 0.108850324 0.000000000 0.000000000 0.000000000 -0.141120008 0.989992497
13.000000000 0.216472630 -0.030857425 0.000000000 0.000000000 0.000000000 -0.381660992 0.924302379
14.000000000 0.570807517 -0.383627588 0.000000000 0.000000000 0.000000000 -0.598472144 0.801143616
15.000000000 0.712638610 -0.863089725 0.000000000 0.000000000 0.000000000 -0.778073197 0.628173623
16.000000000 0.607240710 -1.351854784 0.000000000 0.000000000 0.000000000 0.909297427 -0.416146837
17.000000000 0.280418900 -1.730256032 0.000000000 0.000000000 0.000000000 0.983985947 -0.178246056
18.000000000 -0.187809444 -1.905647645 0.000000000 0.000000000 0.000000000 0.997494987 0.070737202
19.000000000 -0.682805692 -1.835087641 0.000000000 0.000000000 0.000000000 0.948984619 0.315322362
20.000000000 -1.083377500 -1.535851569 0.000000000 0.000000000 0.000000000 0.841470985 0.540302306
21.000000000 -1.291450918 -1.081202856 0.000000000 0.000000000 0.000000000 0.681638760 0.731688869
22.000000000 -1.256082318 -0.582455363 0.000000000 0.000000000 0.000000000 0.479425539 0.877582562
23.000000000 -0.985931165 -0.161719870 0.000000000 0.000000000 0.000000000 0.247403959 0.968912422
24.000000000 -0.547139884 0.077992899 0.000000000 0.000000000 0.000000000 0.000000000 1.000000000
25.000000000 -0.047139884 0.077992899 0.000000000 0.000000000 0.000000000 -0.247403959 0.968912422
