1.000000000 0.890848727 0.327471025 1.000000000 0.794596968 -0.471348118 0.195238783 -0.329132841
2.000000000 1.124795335 0.714478492 1.000000000 0.886508264 -0.260108610 0.107740514 -0.367203746
3.000000000 1.144561536 1.166269475 1.000000000 0.923300769 -0.032696809 0.013543462 -0.382443700
4.000000000 0.945307874 1.572229785 1.000000000 0.902686904 0.196747921 -0.081495657 -0.373905158
5.000000000 0.575818594 1.832966179 1.000000000 0.825948339 0.413959819 -0.171467771 -0.342119004
6.000000000 0.126557560 1.884641295 1.000000000 0.697856308 0.605433700 -0.250778849 -0.289061547
7.000000000 -0.292480461 1.714603262 1.000000000 0.526374951 0.759264646 -0.314497714 -0.218031643
8.000000000 -0.578700344 1.364483321 1.000000000 0.322166149 0.865888193 -0.358662633 -0.133445588
9.000000000 -0.662025482 0.920003044 1.000000000 0.097926616 0.918675007 -0.380527647 -0.040562532
10.000000000 -0.522054973 0.489986705 1.000000000 -0.132401519 0.914343058 -0.378733295 0.054842505
11.000000000 -0.193058481 0.179717301 1.000000000 -0.354497569 0.853161687 -0.353391142 0.146837701
12.000000000 0.244414180 0.065159604 1.000000000 -0.554552678 0.738934854 -0.306076838 0.229703240
13.000000000 0.641361549 -0.312760610 1.000000000 -0.354497569 0.853161687 -0.353391142 0.146837701
14.000000000 0.808531037 -0.834723507 1.000000000 -0.132401519 0.914343058 -0.378733295 0.054842505
15.000000000 0.704993722 -1.372934364 1.000000000 0.097926616 0.918675007 -0.380527647 -0.040562532
16.000000000 0.356099149 -1.795620394 1.000000000 0.322166149 0.865888193 -0.358662633 -0.133445588
17.000000000 -0.152731121 -1.999293314 1.000000000 0.526374951 0.759264646 -0.314497714 -0.218031643
18.000000000 -0.696917693 -1.934086891 1.000000000 0.697856308 0.605433700 -0.250778849 -0.289061547
19.000000000 -1.143224715 -1.615965931 1.000000000 0.825948339 0.413959819 -0.171467771 -0.342119004
20.000000000 -1.382380661 -1.122817540 1.000000000 0.902686904 0.196747921 -0.081495657 -0.373905158
21.000000000 -1.355831816 -0.575381643 1.000000000 0.923300769 -0.032696809 0.013543462 -0.382443700
22.000000000 -1.070078263 -0.107689640 1.000000000 0.886508264 -0.260108610 0.107740514 -0.367203746
23.000000000 -0.595082438 0.165751155 1.000000000 0.794596968 -0.471348118 0.195238783 -0.329132841
24.000000000 -0.047139884 0.177992899 1.000000000 0.653281482 -0.653281482 0.270598050 -0.270598050
25.000000000 0.439593951 -0.073961614 1.000000000 -0.471348118 0.794596968 -0.329132841 0.195238783
