0.5 2.68e-11 0.5
0.5 3.37125e-07 0.5
0.499998 1.54558e-06 0.5
0.500005 -1.07687e-06 0.5
0.499991 5.17832e-07 0.5
0.500004 -1.83486e-06 0.5
0.5 -3.10505e-08 0.499995
0.5 6.04876e-07 0.5
0.499999 1.38742e-06 0.5
0.500002 3.63511e-06 0.5
0.500001 2.01278e-06 0.500005
0.499999 -6.64146e-07 -0.500005
0.5 3.25537e-06 -0.5
0.5 2.23598e-06 -0.5
0.500001 3.34836e-06 -0.5
0.5 6.04876e-07 -0.499995
0.500004 5.3343e-07 -0.5
0.500001 -4.22875e-06 -0.5
0.499995 -1.5629e-06 -0.5
0.5 -1.39519e-06 -0.5
0.499999 9.74265e-07 -0.5
0.499999 8.16574e-07 -0.5
0.5 0 -0.5
0.5 -3.37149e-07 -0.5
