-0.227471 0.390849 0.5
-0.227471 0.390848 0.5
-0.227471 0.39085 0.5
-0.227471 0.390848 0.5
-0.22747 0.390852 0.5
-0.227475 0.390845 0.5
-0.227473 0.390848 0.499995
-0.227473 0.390848 0.5
-0.227467 0.390848 0.5
-0.227472 0.390847 0.5
-0.227477 0.390849 0.500005
0.251955 0.486734 -0.500005
0.251952 0.486734 -0.5
0.251953 0.486733 -0.5
0.251947 0.48674 -0.5
0.251957 0.486737 -0.499995
0.251955 0.486727 -0.5
0.251953 0.486738 -0.5
0.251956 0.486733 -0.5
0.251951 0.486734 -0.5
0.251958 0.486736 -0.5
0.251953 0.486732 -0.5
0.251955 0.486734 -0.5
0.251954 0.486733 -0.5
