1.000000000 0 0 6.77626e-21
2.000000000 -0.227471 0.390849 0.5
3.000000000 -0.614478 0.624795 1
4.000000000 -1.06627 0.644562 1.5
5.000000000 -1.47223 0.445308 2
6.000000000 -1.73297 0.0758186 2.5
7.000000000 -1.78464 -0.373442 3
8.000000000 -1.6146 -0.79248 -2.78319
9.000000000 -1.26448 -1.0787 -2.28319
10.000000000 -0.820003 -1.16203 -1.78319
11.000000000 -0.389987 -1.02206 -1.28319
12.000000000 -0.0797173 -0.693059 -0.783185
13.000000000 0.442246 -0.525889 -1.28319
14.000000000 0.980456 -0.629426 -1.78319
15.000000000 1.40314 -0.978321 -2.28319
16.000000000 1.60682 -1.48715 -2.78319
17.000000000 1.54161 -2.03134 3
18.000000000 1.22349 -2.47764 2.5
19.000000000 0.73034 -2.7168 2
20.000000000 0.182904 -2.69025 1.5
21.000000000 -0.284788 -2.4045 1
22.000000000 -0.558229 -1.9295 0.5
23.000000000 -0.570471 -1.38156 3.71454e-08
24.000000000 -0.318516 -0.894826 -0.5
25.000000000 0.135947 -0.588471 -1
