1.000000000 0 0 0
2.000000000 0.5 2.68e-11 0.5
3.000000000 0.938791 0.239713 1
4.000000000 1.20894 0.660448 1.5
5.000000000 1.24431 1.1592 2
6.000000000 1.03624 1.61384 2.5
7.000000000 0.635666 1.91308 3
8.000000000 0.14067 1.98364 -2.78319
9.000000000 -0.327559 1.80825 -2.28319
10.000000000 -0.654381 1.42985 -1.78319
11.000000000 -0.759778 0.941083 -1.28319
12.000000000 -0.617947 0.46162 -0.783185
13.000000000 -0.263613 0.10885 -1.28319
14.000000000 -0.121781 -0.370612 -1.78319
15.000000000 -0.227179 -0.859377 -2.28319
16.000000000 -0.554001 -1.23778 -2.78319
17.000000000 -1.02223 -1.41317 3
18.000000000 -1.51723 -1.34261 2.5
19.000000000 -1.9178 -1.04337 2
20.000000000 -2.12587 -0.588725 1.5
21.000000000 -2.0905 -0.0899775 1
22.000000000 -1.82035 0.330758 0.5
23.000000000 -1.38156 0.570471 -1.11022e-16
24.000000000 -0.88156 0.570471 -0.5
25.000000000 -0.442769 0.330758 -1
